position: 
  x: 0.09027451008807517
  y: 0.029986829481483637
  z: 0.5499977460413005
orientation: 
  x: -6.3581813169768305e-06
  y: 1.4578344696299672e-06
  z: 0.0852570984739008
  w: 0.996358985063747
---
